INT	STRING	STRING	INT	INT	INT	INT	INT	INT	INT	INT	INT	INT	INT	INT	INT	INT	INT	INT
id	decs	desc	level	type	计数	类型(同成就)	参数1	参数2	参数3	参数4	奖励type	value1	value2	value3	type	value1	value2	value3
101	完成1局零流量自嗨	t_task_desc_101	1	3	1	230					1	1	100					
201	完成3局零流量自嗨	t_task_desc_201	2	3	3	230					1	1	100					
301	成功添加5名好友	t_task_desc_301	3	3	5	42					1	4	10		2	30010003	1	
401	完成3局雪地会战	t_task_desc_401	4	3	3	130					1	1	100					
501	大乱斗，取得1次前3名	t_task_desc_501	5	2	1	9	3				1	1	100					
601	击败20名其他玩家	t_task_desc_601	6	2	20	5					1	1	100					
701	一局对战中击败其他玩家5次	t_task_desc_701	7	2	1	6	5				1	1	100					
801	大乱斗，取得1次第1名	t_task_desc_801	8	2	1	9	1				1	1	100					
901	购买1次角色碎片	t_task_desc_901	9	3	1	40	1001				1	1	100					
1001	一局对战击败其他玩家6次	t_task_desc_1001	10	2	1	6	6				1	1	200					
1002	与其他玩家组队进入1局对战	t_task_desc_1002	10	3	1	41	1				1	1	200		1	4	10	
1101	连续击败5名其他玩家	t_task_desc_1101	11	2	1	7	5				1	1	200					
1201	大乱斗，最终得分达到10000以上	t_task_desc_1201	12	2	1	38	10000				1	1	200					
1202	雪地会战，最终得分达到10000以上	t_task_desc_1202	12	2	1	138	10000				1	1	200					
1301	成功添加10名好友	t_task_desc_1301	13	3	10	42					1	4	10		2	50010001	1	
1401	大乱斗，取得3次前1名	t_task_desc_1401	14	2	3	9	1				1	1	200		1	4	5	
1402	完成5局雪地会战	t_task_desc_1402	14	3	5	130					1	1	200		1	4	5	
1501	击败50名其他玩家	t_task_desc_1501	15	2	50	5					1	1	200		1	4	5	
1601	使用1次喇叭	t_task_desc_1601	16	3	1	140	5001	50010001			1	1	200		1	4	5	
1602	一局对战中达到6级	t_task_desc_1602	16	2	1	10	6				1	1	200		1	4	5	
1701	给任意角色升星1次	t_task_desc_1701	17	3	1	36					1	1	200		1	4	5	
1801	完成10局大乱斗	t_task_desc_1801	18	3	10	30					1	1	200		1	4	5	
1802	完成10局雪地会战	t_task_desc_1802	18	3	10	130					1	1	200		1	4	5	
1901	一局对战中击败其他玩家7次	t_task_desc_1901	19	2	1	6	7				1	1	200		1	4	5	
2001	累计击败50次男性角色	t_task_desc_2001	20	2	50	39	0				1	1	300		1	4	5	
2002	累计击败50次女性角色	t_task_desc_2002	20	2	50	39	1				1	1	300		1	4	5	
2101	完成1次奖杯升星	t_task_desc_2101	21	3	1	37					1	1	300		1	4	5	
2201	出售1次角色碎片	t_task_desc_2201	22	3	1	240	1001				1	1	300		1	4	5	
2202	一局对战中击败其他玩家8次	t_task_desc_2202	22	2	1	6	8				1	1	300		1	4	5	
2301	连续击败6名其他玩家	t_task_desc_2301	23	2	1	7	6				1	1	300		1	4	5	
2401	完成15局大乱斗	t_task_desc_2401	24	3	15	30					1	1	300		1	4	5	
2402	完成15局雪地会战	t_task_desc_2402	24	3	15	130					1	1	300		1	4	5	
2501	击败60名其他玩家	t_task_desc_2501	25	2	60	5					1	1	300		1	4	5	
2601	大乱斗，3次最终得分达到15000以上	t_task_desc_2601	26	2	3	38	15000				1	1	300		1	4	5	
2602	雪地会战，3次最终得分达到15000以上	t_task_desc_2602	26	2	3	138	15000				1	1	300		1	4	5	
2701	给任意角色升星1次	t_task_desc_2701	27	3	1	36					1	1	300		1	4	5	
2801	累计击败100次男性角色	t_task_desc_2801	28	2	100	39	0				1	1	300		1	4	5	
2802	累计击败100次女性角色	t_task_desc_2802	28	2	100	39	1				1	1	300		1	4	5	
2901	一局对战中击败其他玩家9次	t_task_desc_2901	29	2	1	6	9				1	1	300		1	4	5	
3001	完成20局大乱斗	t_task_desc_3001	30	3	20	30					1	1	400		1	4	5	
3002	完成20局雪地会战	t_task_desc_3002	30	3	20	130					1	1	400		1	4	5	
3101	连续击败7名其他玩家	t_task_desc_3101	31	2	1	7	7				1	1	400		1	4	5	
3201	大乱斗，取得5次前1名	t_task_desc_3201	32	2	5	9	1				1	1	400		1	4	5	
3202	一局对战中击败其他玩家10次	t_task_desc_3202	32	2	1	6	10				1	1	400		1	4	5	
3301	完成1次奖杯升星	t_task_desc_3301	33	3	1	37					1	1	400		1	4	5	
3401	累计击败100次男性角色	t_task_desc_3401	34	2	100	39	0				1	1	400		1	4	5	
3402	累计击败100次女性角色	t_task_desc_3402	34	2	100	39	1				1	1	400		1	4	5	
3501	给任意角色升星1次	t_task_desc_3501	35	3	1	36					1	1	400		1	4	5	
3601	完成20局大乱斗	t_task_desc_3601	36	3	20	30					1	1	400		1	4	5	
3602	完成20局雪地会战	t_task_desc_3602	36	3	20	130					1	1	400		1	4	5	
3701	连续击败8名其他玩家	t_task_desc_3701	37	2	1	7	8				1	1	400		1	4	5	
3801	大乱斗，取得10次前1名	t_task_desc_3801	38	2	10	9	1				1	1	400		1	4	5	
3802	一局对战中击败其他玩家10次	t_task_desc_3802	38	2	1	6	10				1	1	400		1	4	5	
3901	完成1次奖杯升星	t_task_desc_3901	39	3	1	37					1	1	400		1	4	5	
4001	累计击败100次男性角色	t_task_desc_4001	40	2	100	39	0				1	1	500		1	4	5	
4002	累计击败100次女性角色	t_task_desc_4002	40	2	100	39	1				1	1	500		1	4	5	
4101	一局对战中击败其他玩家10次	t_task_desc_4101	41	2	1	6	10				1	1	500		1	4	5	
4201	完成20局大乱斗	t_task_desc_4201	42	3	20	30					1	1	500		1	4	5	
4202	完成20局雪地会战	t_task_desc_4202	42	3	20	130					1	1	500		1	4	5	
4301	连续击败8名其他玩家	t_task_desc_4301	43	2	1	7	8				1	1	500		1	4	5	
4401	大乱斗，取得5次前1名	t_task_desc_4401	44	2	5	9	1				1	1	500		1	4	5	
4402	一局对战中击败其他玩家10次	t_task_desc_4402	44	2	1	6	10				1	1	500		1	4	5	
4501	完成1次奖杯升星	t_task_desc_4501	45	3	1	37					1	1	500		1	4	5	
4601	累计击败100次男性角色	t_task_desc_4601	46	2	100	39	0				1	1	500		1	4	5	
4602	累计击败100次女性角色	t_task_desc_4602	46	2	100	39	1				1	1	500		1	4	5	
4701	给任意角色升星1次	t_task_desc_4701	47	3	1	36					1	1	500		1	4	5	
4801	完成20局大乱斗	t_task_desc_4801	48	3	20	30					1	1	500		1	4	5	
4802	完成20局雪地会战	t_task_desc_4802	48	3	20	130					1	1	500		1	4	5	
4901	连续击败8名其他玩家	t_task_desc_4901	49	2	1	7	8				1	1	500		1	4	5	
5001	大乱斗，取得10次前1名	t_task_desc_5001	50	2	10	9	1				1	1	600		1	4	5	
5002	一局对战中击败其他玩家10次	t_task_desc_5002	50	2	1	6	10				1	1	600		1	4	5	
5101	完成1次奖杯升星	t_task_desc_5101	51	3	1	37					1	1	600		1	4	5	
5201	累计击败100次男性角色	t_task_desc_5201	52	2	100	39	0				1	1	600		1	4	5	
5202	累计击败100次女性角色	t_task_desc_5202	52	2	100	39	1				1	1	600		1	4	5	
5301	一局对战中击败其他玩家10次	t_task_desc_5301	53	2	1	6	10				1	1	600		1	4	5	
5401	完成20局大乱斗	t_task_desc_5401	54	3	20	30					1	1	600		1	4	5	
5402	完成20局雪地会战	t_task_desc_5402	54	3	20	130					1	1	600		1	4	5	
5501	连续击败8名其他玩家	t_task_desc_5501	55	2	2	7	8				1	1	600		1	4	5	
5601	大乱斗，取得5次前1名	t_task_desc_5601	56	2	5	9	1				1	1	600		1	4	5	
5602	一局对战中击败其他玩家10次	t_task_desc_5602	56	2	1	6	10				1	1	600		1	4	5	
5701	完成1次奖杯升星	t_task_desc_5701	57	3	1	37					1	1	600		1	4	5	
5801	累计击败100次男性角色	t_task_desc_5801	58	2	100	39	0				1	1	600		1	4	5	
5802	累计击败100次女性角色	t_task_desc_5802	58	2	100	39	1				1	1	600		1	4	5	
5901	给任意角色升星1次	t_task_desc_5901	59	3	1	36					1	1	600		1	4	5	
6001	完成20局大乱斗	t_task_desc_6001	60	3	20	30					1	1	700		1	4	5	
6002	完成20局雪地会战	t_task_desc_6002	60	3	20	130					1	1	700		1	4	5	
6101	连续击败8名其他玩家	t_task_desc_6101	61	2	3	7	8				1	1	700		1	4	5	
6201	大乱斗，取得10次前1名	t_task_desc_6201	62	2	10	9	1				1	1	700		1	4	5	
6202	一局对战中击败其他玩家10次	t_task_desc_6202	62	2	1	6	10				1	1	700		1	4	5	
6301	完成1次奖杯升星	t_task_desc_6301	63	3	1	37					1	1	700		1	4	5	
6401	累计击败100次男性角色	t_task_desc_6401	64	2	100	39	0				1	1	700		1	4	5	
6402	累计击败100次女性角色	t_task_desc_6402	64	2	100	39	1				1	1	700		1	4	5	
6501	一局对战中击败其他玩家10次	t_task_desc_6501	65	2	1	6	10				1	1	700		1	4	5	
6601	完成20局大乱斗	t_task_desc_6601	66	3	20	30					1	1	700		1	4	5	
6602	完成20局雪地会战	t_task_desc_6602	66	3	20	130					1	1	700		1	4	5	
6701	连续击败8名其他玩家	t_task_desc_6701	67	2	1	7	8				1	1	700		1	4	5	
6801	大乱斗，取得5次前1名	t_task_desc_6801	68	2	5	9	1				1	1	700		1	4	5	
6802	一局对战中击败其他玩家10次	t_task_desc_6802	68	2	1	6	10				1	1	700		1	4	5	
6901	完成1次奖杯升星	t_task_desc_6901	69	3	1	37					1	1	700		1	4	5	
7001	累计击败100次男性角色	t_task_desc_7001	70	2	100	39	0				1	1	800		1	4	5	
7002	累计击败100次女性角色	t_task_desc_7002	70	2	100	39	1				1	1	800		1	4	5	
7101	给任意角色升星1次	t_task_desc_7101	71	3	1	36					1	1	800		1	4	5	
7201	完成20局大乱斗	t_task_desc_7201	72	3	20	30					1	1	800		1	4	5	
7202	完成20局雪地会战	t_task_desc_7202	72	3	20	130					1	1	800		1	4	5	
7301	连续击败8名其他玩家	t_task_desc_7301	73	2	2	7	8				1	1	800		1	4	5	
7401	大乱斗，取得10次前1名	t_task_desc_7401	74	2	10	9	1				1	1	800		1	4	5	
7402	一局对战中击败其他玩家10次	t_task_desc_7402	74	2	1	6	10				1	1	800		1	4	5	
7501	完成1次奖杯升星	t_task_desc_7501	75	3	1	37					1	1	800		1	4	5	
7601	累计击败100次男性角色	t_task_desc_7601	76	2	100	39	0				1	1	800		1	4	5	
7602	累计击败100次女性角色	t_task_desc_7602	76	2	100	39	1				1	1	800		1	4	5	
7701	一局对战中击败其他玩家10次	t_task_desc_7701	77	2	1	6	10				1	1	800		1	4	5	
7801	完成20局大乱斗	t_task_desc_7801	78	3	20	30					1	1	800		1	4	5	
7802	完成20局雪地会战	t_task_desc_7802	78	3	20	130					1	1	800		1	4	5	
7901	连续击败8名其他玩家	t_task_desc_7901	79	2	3	7	8				1	1	800		1	4	5	
8001	大乱斗，取得5次前1名	t_task_desc_8001	80	2	5	9	1				1	1	900		1	4	5	
8002	一局对战中击败其他玩家10次	t_task_desc_8002	80	2	1	6	10				1	1	900		1	4	5	
8101	完成1次奖杯升星	t_task_desc_8101	81	3	1	37					1	1	900		1	4	5	
8201	累计击败100次男性角色	t_task_desc_8201	82	2	100	39	0				1	1	900		1	4	5	
8202	累计击败100次女性角色	t_task_desc_8202	82	2	100	39	1				1	1	900		1	4	5	
8301	给任意角色升星1次	t_task_desc_8301	83	3	1	36					1	1	900		1	4	5	
8401	完成20局大乱斗	t_task_desc_8401	84	3	20	30					1	1	900		1	4	5	
8402	完成20局雪地会战	t_task_desc_8402	84	3	20	130					1	1	900		1	4	5	
8501	连续击败8名其他玩家	t_task_desc_8501	85	2	1	7	8				1	1	900		1	4	5	
8601	大乱斗，取得10次前1名	t_task_desc_8601	86	2	10	9	1				1	1	900		1	4	5	
8602	一局对战中击败其他玩家10次	t_task_desc_8602	86	2	1	6	10				1	1	900		1	4	5	
8701	完成1次奖杯升星	t_task_desc_8701	87	3	1	37					1	1	900		1	4	5	
8801	累计击败100次男性角色	t_task_desc_8801	88	2	100	39	0				1	1	900		1	4	5	
8802	累计击败100次女性角色	t_task_desc_8802	88	2	100	39	1				1	1	900		1	4	5	
8901	一局对战中击败其他玩家10次	t_task_desc_8901	89	2	1	6	10				1	1	900		1	4	5	
9001	完成20局大乱斗	t_task_desc_9001	90	3	20	30					1	1	1000		1	4	5	
9002	完成20局雪地会战	t_task_desc_9002	90	3	20	130					1	1	1000		1	4	5	
9101	连续击败8名其他玩家	t_task_desc_9101	91	2	2	7	8				1	1	1000		1	4	5	
9201	大乱斗，取得5次前1名	t_task_desc_9201	92	2	5	9	1				1	1	1000		1	4	5	
9202	一局对战中击败其他玩家10次	t_task_desc_9202	92	2	1	6	10				1	1	1000		1	4	5	
9301	完成1次奖杯升星	t_task_desc_9301	93	3	1	37					1	1	1000		1	4	5	
9401	累计击败100次男性角色	t_task_desc_9401	94	2	100	39	0				1	1	1000		1	4	5	
9402	累计击败100次女性角色	t_task_desc_9402	94	2	100	39	1				1	1	1000		1	4	5	
9501	给任意角色升星1次	t_task_desc_9501	95	3	1	36					1	1	1000		1	4	5	
9601	完成20局大乱斗	t_task_desc_9601	96	3	20	30					1	1	1000		1	4	5	
9602	完成20局雪地会战	t_task_desc_9602	96	3	20	130					1	1	1000		1	4	5	
9701	连续击败8名其他玩家	t_task_desc_9701	97	2	3	7	8				1	1	1000		1	4	5	
9801	大乱斗，取得10次前1名	t_task_desc_9801	98	2	10	9	1				1	1	1000		1	4	5	
9802	一局对战中击败其他玩家10次	t_task_desc_9802	98	2	1	6	10				1	1	1000		1	4	5	
9901	完成1次奖杯升星	t_task_desc_9901	99	3	1	37					1	1	1000		1	4	5	
10001	累计击败100次男性角色	t_task_desc_10001	100	2	100	39	0				1	1	1000		1	4	5	
10002	累计击败100次女性角色	t_task_desc_10002	100	2	100	39	1				1	1	1000		1	4	5	
